0 0.323449 0.472097 0.048945 0.053333
0 0.709703 0.551840 0.060687 0.062014
0 0.346059 0.432493 0.022023 0.029236
0 0.364707 0.410535 0.022320 0.029181
0 0.273449 0.486132 0.043680 0.049597
0 0.633277 0.873688 0.142320 0.209181
0 0.469109 0.969722 0.121188 0.060556
0 0.248930 0.401986 0.033906 0.040667
0 0.652109 0.443472 0.140000 0.090278
0 0.506168 0.428507 0.114398 0.106931
0 0.573535 0.525188 0.043164 0.047403
0 0.283949 0.402993 0.021727 0.024542
0 0.302301 0.421785 0.024961 0.024542
0 0.392605 0.427243 0.032305 0.036486
0 0.955594 0.604542 0.060469 0.071000
0 0.258871 0.546056 0.041852 0.098833
0 0.565293 0.478840 0.051898 0.052153
0 0.682031 0.497563 0.052500 0.052875
0 0.800590 0.506889 0.063258 0.047667
0 0.778430 0.655236 0.084578 0.071583
0 0.332496 0.536979 0.043039 0.062375
0 0.301055 0.650069 0.051656 0.093056
0 0.424316 0.566549 0.052336 0.080403
0 0.821996 0.559021 0.068773 0.055764
0 0.260203 0.940285 0.082437 0.119431
0 0.373285 0.507299 0.042273 0.060125
