0 0.292566 0.503799 0.040148 0.049764
0 0.700043 0.537701 0.057023 0.058625
0 0.736105 0.518403 0.052773 0.050639
0 0.285625 0.625569 0.053938 0.103528
0 0.616543 0.497646 0.051570 0.059653
0 0.842543 0.615944 0.072773 0.069472
0 0.778332 0.642958 0.087617 0.117111
0 0.262273 0.898542 0.121719 0.191667
0 0.552844 0.472118 0.052297 0.055625
0 0.663723 0.467361 0.057086 0.046389
0 0.328750 0.536736 0.042188 0.068472
0 0.466484 0.515153 0.060313 0.073583
0 0.343797 0.419333 0.028781 0.034972
0 0.990824 0.642319 0.018023 0.057972
0 0.438078 0.582187 0.048578 0.062819
0 0.409887 0.449542 0.034992 0.035639
0 0.255016 0.402965 0.026875 0.026514
0 0.175629 0.377222 0.067617 0.071889
0 0.227684 0.406174 0.020836 0.025736
0 0.270293 0.436090 0.036117 0.029764
0 0.236520 0.440528 0.033773 0.030278
0 0.370465 0.439896 0.026883 0.033153
0 0.227922 0.471021 0.037094 0.040403
0 0.300563 0.403938 0.030016 0.022681
0 0.464375 0.451229 0.038203 0.039625
0 0.517367 0.434243 0.047766 0.038014
0 0.274918 0.464965 0.038664 0.039625
0 0.327008 0.446743 0.040953 0.048458
0 0.378266 0.517375 0.052766 0.071167
0 0.543738 0.582590 0.068477 0.079708
0 0.623305 0.679708 0.078016 0.101861
0 0.476270 0.632667 0.059898 0.081889
