0 0.328020 0.541375 0.038570 0.062972
0 0.251699 0.551090 0.041086 0.049458
0 0.913605 0.577306 0.082945 0.086500
0 0.322051 0.417250 0.041477 0.034167
0 0.333816 0.486021 0.042555 0.046042
0 0.264758 0.408708 0.021937 0.026528
0 0.404383 0.412965 0.038969 0.044375
0 0.373254 0.475354 0.039352 0.041764
0 0.435367 0.507715 0.053156 0.064736
0 0.386629 0.640437 0.079867 0.195597
0 0.735965 0.789688 0.126352 0.204347
0 0.293238 0.778486 0.072430 0.150000
0 0.737738 0.492535 0.051555 0.051847
0 0.748547 0.577972 0.070609 0.064361
0 0.544289 0.733528 0.073797 0.110306
0 0.301063 0.596229 0.042797 0.074347
0 0.260984 0.461153 0.038172 0.043861
0 0.263668 0.484722 0.033555 0.039778
0 0.290508 0.436660 0.037719 0.041069
0 0.213094 0.403639 0.018203 0.024167
0 0.897281 0.460250 0.070922 0.064389
0 0.508844 0.566375 0.054641 0.063167
0 0.292254 0.506646 0.039008 0.062097
