0 0.482926 0.471910 0.041492 0.029542
0 0.386320 0.626479 0.060344 0.094069
0 0.591023 0.523118 0.037328 0.045514
0 0.456922 0.587201 0.055906 0.070347
0 0.276934 0.604681 0.046836 0.076667
0 0.785410 0.561993 0.099039 0.095264
0 0.850078 0.562396 0.061766 0.079153
0 0.718422 0.604090 0.064609 0.080347
0 0.528711 0.726479 0.068359 0.103097
0 0.457730 0.520986 0.055430 0.075361
0 0.824969 0.920910 0.177328 0.158181
0 0.184129 0.386771 0.022289 0.029931
0 0.215465 0.398076 0.019727 0.028819
0 0.254566 0.393694 0.023258 0.037583
0 0.269105 0.480153 0.045602 0.062194
0 0.261676 0.551014 0.045383 0.056861
0 0.346723 0.491896 0.050023 0.061375
0 0.378430 0.445549 0.037344 0.048847
0 0.412602 0.433021 0.023953 0.043847
0 0.781449 0.420493 0.044383 0.061375
0 0.430145 0.930757 0.129867 0.138486
0 0.482750 0.459958 0.040453 0.051111
0 0.306184 0.413299 0.020102 0.019597
0 0.613719 0.476444 0.036594 0.034639
0 0.575605 0.480167 0.052039 0.051056
