0 0.485961 0.466681 0.033984 0.043111
0 0.275109 0.405806 0.024375 0.025583
0 0.307867 0.401118 0.024109 0.026625
0 0.324445 0.418597 0.027312 0.030278
0 0.628594 0.464236 0.054688 0.060694
0 0.616496 0.499792 0.058945 0.051472
0 0.825617 0.553174 0.072453 0.071042
0 0.765852 0.602361 0.068687 0.075500
0 0.559059 0.775174 0.082117 0.124764
0 0.835090 0.689382 0.090305 0.084542
0 0.205965 0.390938 0.034680 0.030292
0 0.555629 0.460847 0.035242 0.038972
0 0.282715 0.652715 0.056102 0.099875
0 0.323359 0.515882 0.047531 0.090819
0 0.502848 0.649896 0.069930 0.107847
0 0.245195 0.468882 0.037844 0.045958
0 0.352063 0.438153 0.024984 0.019639
0 0.396699 0.429840 0.020930 0.020986
0 0.474445 0.467375 0.056922 0.043306
0 0.969836 0.717924 0.060328 0.102708
0 0.261711 0.543472 0.047375 0.062250
0 0.428836 0.945993 0.121141 0.108014
0 0.384004 0.485847 0.044258 0.059889
