0 0.570559 0.444764 0.044086 0.033139
0 0.562586 0.485590 0.048219 0.056597
0 0.434840 0.896444 0.096039 0.205667
0 0.189543 0.394757 0.021742 0.023847
0 0.337395 0.429542 0.024789 0.029333
0 0.344941 0.409958 0.023445 0.023556
0 0.603164 0.641139 0.084781 0.124639
0 0.853082 0.942514 0.107055 0.108250
0 0.273965 0.839493 0.085648 0.135764
0 0.874926 0.697778 0.079148 0.081972
0 0.507133 0.464465 0.040359 0.037986
0 0.423809 0.421687 0.037070 0.034153
0 0.668086 0.521965 0.043828 0.044931
0 0.382117 0.624201 0.050766 0.077236
0 0.239656 0.521167 0.040266 0.063167
0 0.307414 0.529340 0.047016 0.072653
0 0.639145 0.561507 0.038602 0.050625
0 0.830715 0.612056 0.071617 0.062139
0 0.985582 0.636264 0.028383 0.087583
0 0.255473 0.404139 0.024695 0.031889
0 0.295797 0.463757 0.047766 0.056597
