0 0.521508 0.653722 0.071312 0.110250
0 0.313867 0.415049 0.029781 0.041597
0 0.366016 0.424792 0.040141 0.047306
0 0.246949 0.907264 0.098727 0.153556
0 0.877773 0.645674 0.082687 0.071264
0 0.576258 0.483083 0.050875 0.052889
0 0.774734 0.870417 0.118641 0.148306
0 0.456187 0.604014 0.051344 0.077194
0 0.700340 0.598917 0.066695 0.071306
0 0.267227 0.587076 0.047422 0.076542
0 0.850840 0.694007 0.089523 0.083181
0 0.340656 0.542938 0.051359 0.061986
0 0.284801 0.690958 0.060633 0.132806
0 0.409402 0.675194 0.059086 0.113833
0 0.675262 0.948139 0.132586 0.103722
0 0.498574 0.548236 0.058695 0.082611
0 0.421125 0.541715 0.065219 0.081153
0 0.237730 0.525306 0.041680 0.062194
0 0.266430 0.482319 0.038531 0.044722
0 0.231047 0.448771 0.038531 0.048931
0 0.716949 0.513646 0.058602 0.059792
0 0.445914 0.467639 0.039734 0.051722
0 0.489145 0.433750 0.043633 0.056611
0 0.268605 0.392937 0.022102 0.034625
0 0.246238 0.413062 0.023680 0.028069
