0 0.190414 0.391924 0.017031 0.021931
0 0.417156 0.429201 0.044922 0.040903
0 0.344820 0.413264 0.040109 0.037472
0 0.296906 0.415528 0.031281 0.030000
0 0.262113 0.417042 0.022758 0.020222
0 0.766156 0.642278 0.077375 0.085111
0 0.498109 0.628722 0.066484 0.102194
0 0.597602 0.826569 0.094047 0.139778
0 0.443539 0.502944 0.049437 0.066778
0 0.251766 0.443139 0.039578 0.042056
0 0.369398 0.587653 0.046719 0.076750
0 0.259727 0.481972 0.043672 0.048556
0 0.334961 0.479549 0.048719 0.061708
0 0.219047 0.404715 0.023781 0.027681
0 0.401004 0.677424 0.060992 0.114903
0 0.657918 0.699174 0.088586 0.113542
0 0.544996 0.502125 0.044727 0.050056
0 0.382461 0.476840 0.045063 0.051958
0 0.378500 0.522312 0.045672 0.058458
0 0.545211 0.454049 0.052297 0.055792
0 0.532473 0.583847 0.059586 0.077639
0 0.665121 0.962958 0.124727 0.074083
0 0.706691 0.499729 0.058445 0.071653
0 0.308668 0.521285 0.039961 0.057486
0 0.467348 0.438743 0.040352 0.050375
0 0.650879 0.573160 0.051320 0.038792
0 0.628617 0.510549 0.052250 0.047597
0 0.920125 0.651618 0.100234 0.102764
0 0.872484 0.931986 0.146125 0.136028
