0 0.722699 0.548438 0.064523 0.070153
0 0.595125 0.528715 0.048922 0.060597
0 0.839027 0.618604 0.091758 0.080875
0 0.499820 0.556868 0.065250 0.073042
0 0.532348 0.674667 0.070008 0.105194
0 0.491508 0.462472 0.038531 0.040222
0 0.626020 0.499549 0.052102 0.053181
0 0.447813 0.457743 0.046500 0.048264
0 0.440617 0.581764 0.052109 0.067083
0 0.353422 0.465382 0.048797 0.066292
0 0.342871 0.543014 0.040086 0.067778
0 0.176070 0.390868 0.023094 0.022514
0 0.207289 0.399424 0.032234 0.027986
0 0.244414 0.429340 0.042453 0.033542
0 0.256012 0.458000 0.034992 0.030750
0 0.288641 0.404528 0.021625 0.025861
0 0.328281 0.413465 0.025469 0.028403
0 0.364211 0.436924 0.036969 0.034375
0 0.432266 0.416903 0.037031 0.042889
0 0.521023 0.441035 0.056844 0.049597
0 0.836547 0.547229 0.093156 0.095431
0 0.250629 0.518833 0.052305 0.079250
0 0.289246 0.597465 0.082555 0.176319
