0 0.635223 0.557438 0.058961 0.051931
0 0.772852 0.652861 0.078312 0.090583
0 0.814422 0.519597 0.059906 0.057917
0 0.768801 0.568944 0.067367 0.067306
0 0.608117 0.889674 0.110719 0.182292
0 0.275813 0.707993 0.062688 0.101264
0 0.271941 0.832722 0.080508 0.161889
0 0.686523 0.742688 0.090188 0.116347
0 0.497332 0.481389 0.042758 0.038750
0 0.462691 0.949444 0.114289 0.095083
0 0.762918 0.409319 0.037430 0.050444
0 0.965617 0.707667 0.064375 0.065278
0 0.330195 0.429764 0.032578 0.030972
0 0.556789 0.463125 0.054703 0.050972
0 0.481777 0.610840 0.072555 0.104347
0 0.379469 0.613014 0.065219 0.091306
0 0.598984 0.457708 0.030469 0.050972
0 0.398598 0.447993 0.039117 0.039625
0 0.433418 0.434660 0.035898 0.042069
0 0.321270 0.404319 0.021836 0.029917
0 0.268504 0.404319 0.019102 0.029917
0 0.242352 0.408771 0.025016 0.033958
0 0.194812 0.398660 0.024562 0.026681
0 0.239395 0.535729 0.035477 0.045292
0 0.274645 0.488021 0.037758 0.046903
0 0.309215 0.467396 0.037758 0.052569
