0 0.274344 0.588681 0.053687 0.064556
0 0.811191 0.676153 0.085023 0.082917
0 0.682719 0.721694 0.086203 0.128083
0 0.522504 0.693181 0.066523 0.116250
0 0.676910 0.580743 0.062211 0.066819
0 0.929129 0.608486 0.083602 0.075306
0 0.397578 0.657521 0.069687 0.137236
0 0.596523 0.529813 0.038641 0.048931
0 0.610254 0.474090 0.050336 0.051625
0 0.447281 0.573403 0.053781 0.065833
0 0.979398 0.580125 0.041125 0.071694
0 0.936516 0.692208 0.085641 0.076556
0 0.282738 0.782111 0.078508 0.169556
0 0.663152 0.476292 0.043758 0.030861
0 0.859465 0.959729 0.085289 0.068264
0 0.677758 0.959264 0.117391 0.081472
0 0.548543 0.583743 0.077445 0.104347
0 0.286859 0.633743 0.056250 0.065208
0 0.330395 0.548444 0.045789 0.070167
0 0.236449 0.523181 0.037898 0.053333
0 0.502762 0.485757 0.053680 0.055208
0 0.540656 0.430083 0.040000 0.044917
0 0.447238 0.464243 0.034211 0.045847
0 0.472496 0.422132 0.051055 0.057069
0 0.344867 0.494181 0.045266 0.053333
0 0.348160 0.468181 0.040805 0.037056
0 0.393551 0.443625 0.036008 0.041694
0 0.377156 0.411375 0.028250 0.033694
0 0.314973 0.418792 0.034695 0.029000
0 0.204738 0.479917 0.034664 0.047972
0 0.244004 0.469979 0.030711 0.045236
0 0.270437 0.452812 0.032687 0.043681
0 0.214938 0.436826 0.034000 0.038208
0 0.265500 0.409917 0.027203 0.031194
0 0.238191 0.402507 0.024352 0.028069
0 0.190586 0.398604 0.021281 0.024958
