0 0.207223 0.487722 0.038195 0.052944
0 0.560852 0.510090 0.048672 0.048569
0 0.289469 0.501903 0.037484 0.041806
0 0.779273 0.545604 0.044672 0.039958
0 0.745027 0.559569 0.055695 0.054778
0 0.396125 0.691528 0.059344 0.093444
0 0.659371 0.514181 0.059820 0.047861
0 0.240484 0.466326 0.041906 0.049708
0 0.502387 0.554028 0.049195 0.056472
0 0.267316 0.539250 0.040164 0.069194
0 0.620637 0.550562 0.052273 0.055542
0 0.866848 0.720812 0.096039 0.097514
0 0.734148 0.623924 0.071953 0.062931
0 0.454406 0.953417 0.123750 0.093167
0 0.431344 0.505174 0.047203 0.065125
0 0.368645 0.512076 0.059898 0.063903
0 0.509387 0.438069 0.117992 0.133861
0 0.435449 0.437813 0.032305 0.037069
0 0.348824 0.431028 0.034055 0.031833
0 0.225867 0.415590 0.034781 0.045069
